stnId,stnNm,tm,avgTa,minTa,minTaHrmt,maxTa,maxTaHrmt,mi10MaxRn,mi10MaxRnHrmt,hr1MaxRn,hr1MaxRnHrmt,sumRnDur,sumRn,maxInsWs,maxInsWsWd,maxInsWsHrmt,maxWs,maxWsWd,maxWsHrmt,avgWs,hr24SumRws,maxWd,avgTd,minRhm,minRhmHrmt,avgRhm,avgPv,avgPa,maxPs,maxPsHrmt,minPs,minPsHrmt,avgPs,ssDur,sumSsHr,hr1MaxIcsrHrmt,hr1MaxIcsr,sumGsr,ddMefs,ddMefsHrmt,ddMes,ddMesHrmt,sumDpthFhsc,avgTca,avgLmac,avgTs,minTg,avgCm5Te,avgCm10Te,avgCm20Te,avgCm30Te,avgM05Te,avgM10Te,avgM15Te,avgM30Te,avgM50Te,sumLrgEv,sumSmlEv,n99Rn,iscs,sumFogDur
133,대전,2021-06-05,21.5,16.1,56,26.1,1522,,,,,,,10.8,230,1332,4.6,250,1703,2.3,2004,250,15.9,57,603,71.5,18.6,994.3,1005.0,2317,1000.6,1659,1002.4,14.5,11.4,1500,2.19,19.77,,,,,,3.6,3.1,21.5,12.1,22.1,21.5,21.5,21.4,21.0,18.9,17.3,15.0,14.9,3.3,4.6,,{박무}2050-{박무}{강도0}2100-{박무}{강도1}2400-,
133,대전,2021-06-06,23.4,18.6,534,28.5,1551,,,,,,,7.8,230,1001,3.7,250,1212,1.8,1574,250,16.4,49,1635,67.3,18.7,999.5,1011.9,2313,1004.5,38,1007.5,14.6,11.8,1100,3.42,25.86,,,,,,1.8,1.3,25.4,15.4,24.2,23.0,22.3,21.8,20.9,19.0,17.4,15.0,15.0,5.0,7.2,,-{박무}-{박무}{강도0}0300-0555.,
133,대전,2021-06-07,23.3,16.9,544,29.5,1624,,,,,,,6.0,250,1032,3.2,250,1013,1.2,1037,250,14.6,30,1536,62.3,16.8,1005.9,1015.5,2353,1011.6,107,1014.0,14.6,9.9,1000,2.66,21.91,,,,,,5.0,2.1,24.2,13.0,24.1,23.3,22.8,22.4,21.6,19.1,17.6,15.1,15.0,4.2,6.0,,,
133,대전,2021-06-08,24.8,18.7,458,31.2,1600,,,,,,,3.9,180,1808,2.3,160,1813,0.8,715,20,17.5,39,1343,66.9,20.0,1007.3,1016.9,708,1013.7,1841,1015.3,14.6,11.0,1200,3.2,24.52,,,,,,6.0,1.9,27.0,15.8,25.8,24.4,23.5,22.9,21.8,19.3,17.7,15.1,15.0,4.5,6.4,,,
133,대전,2021-06-09,26.9,20.1,556,32.9,1536,,,,,,,5.7,250,2240,3.8,250,2255,1.2,1047,110,19.0,37,1531,65.0,22.0,1006.9,1016.8,712,1013.0,1533,1014.8,14.6,12.5,1200,3.29,26.68,,,,,,3.6,0.6,29.8,17.2,27.6,25.9,24.8,23.9,22.5,19.5,17.8,15.2,15.0,5.4,7.8,,,
133,대전,2021-06-10,25.7,21.2,2400,31.6,1452,0,2309,1.1,2258,6.33,1.6,9.7,250,1900,5.8,230,1906,2.0,1702,160,18.8,46,1909,68.4,21.8,1003.7,1014.5,1,1009.3,2308,1011.6,14.6,5.9,1200,2.7,17.69,,,,,,8.8,2.6,29.3,18.7,27.2,26.1,25.3,24.7,23.3,19.8,17.9,15.3,15.0,3.5,5.0,14.2,{비}1740-{비}{강도0}1800-{비}{강도0}2100-{비}{강도0}2400-,
133,대전,2021-06-11,23.5,19.9,407,28.7,1536,1,223,4.3,204,5.33,12.6,7.5,230,333,4.6,200,336,1.6,1351,270,20.3,61,1539,84.1,23.9,1002.6,1013.1,2342,1009.1,335,1010.6,14.6,7.2,1400,2.69,18.31,,,,,,7.1,5.1,24.8,18.8,25.8,25.2,24.8,24.4,23.5,20.2,18.1,15.3,15.0,3.3,4.8,,-{비}-{비}{강도0}0300-0450. {비}0755-0825.,
133,대전,2021-06-12,25.3,19.7,456,30.7,1526,,,,,,,4.3,70,1945,2.2,50,1329,0.9,813,70,20.8,55,1528,78.3,24.6,1003.6,1013.9,831,1009.2,1928,1011.5,14.6,8.6,1100,3.36,24.39,,,,,,7.3,3.4,28.3,16.9,27.0,25.9,25.2,24.6,23.5,20.4,18.2,15.4,15.0,4.0,5.7,,{박무}0355-{박무}{강도0}0600-0830. {햇무리}0930-1020.,
133,대전,2021-06-13,25.2,21.9,653,31.0,1638,,,,,,,4.4,90,1416,2.1,20,1326,1.2,1012,250,21.3,50,1723,80.6,25.4,1000.7,1011.3,401,1005.6,1649,1008.6,14.6,7.3,1300,3.42,21.25,,,,,,5.4,4.8,28.4,20.4,27.6,26.6,25.8,25.2,24.0,20.6,18.4,15.4,15.1,4.1,5.8,,{박무}0145-{박무}{강도0}0300-{박무}{강도0}0600-{박무}{강도0}0900-1120. {박무}2340-{박무}{강도0}2400-,
133,대전,2021-06-14,24.9,20.9,209,30.5,1535,0,,0.0,,0.33,0.0,6.4,160,1316,3.5,140,1150,1.3,1093,160,21.7,58,1536,83.3,25.9,997.9,1007.9,543,1004.0,1728,1005.9,14.6,4.5,1400,2.41,17.98,,,,,,8.3,4.8,28.5,18.8,27.4,26.5,26.0,25.5,24.4,20.9,18.6,15.5,15.1,3.1,4.5,0.0,-{박무}-{박무}{강도0}0300-{박무}{강도0}0600-{박무}{강도0}0900-1005. {비}1755-{비}{강도0}1800-1815.,
133,대전,2021-06-15,22.6,21.1,2033,24.1,1705,0,1906,1.1,1153,6.08,1.9,9.9,140,2354,5.4,160,2356,2.4,2066,180,19.8,77,1727,84.5,23.1,996.3,1005.7,7,1002.9,1739,1004.2,14.6,0.0,1400,0.99,7.15,,,,,,10.0,5.8,23.6,18.6,25.1,25.1,25.1,25.0,24.5,21.1,18.8,15.6,15.1,1.8,2.6,1.9,{비}1020-{비}{강도0}1200-1410. {비}1755-{비}{강도0}1800-2010.,
133,대전,2021-06-16,23.6,21.3,7,27.2,1533,,,,,,,11.0,160,957,5.8,160,559,3.6,3106,160,18.0,56,1721,71.4,20.6,997.3,1007.6,2359,1003.1,243,1005.2,14.6,5.6,1500,2.7,16.1,,,,,,6.1,5.9,25.3,17.9,24.6,24.2,24.1,24.0,23.8,21.3,19.0,15.7,15.1,3.4,4.8,,,
133,대전,2021-06-17,22.1,19.6,457,25.4,1348,0,,0.1,,4.83,0.1,5.6,140,115,3.4,140,117,1.7,1430,180,18.3,66,1133,80.0,21.1,998.4,1008.2,822,1005.3,1708,1006.4,14.7,0.8,1000,2.13,9.84,,,,,,9.5,2.6,23.2,16.6,24.0,23.9,23.9,23.8,23.5,21.3,19.1,15.7,15.1,1.7,2.4,1.5,{비}1625-{비}{강도0}1800-1930. {비}2130-2155. {비}2230-2350.,
133,대전,2021-06-18,21.2,19.7,2357,23.5,1653,0,802,0.6,352,9.67,1.4,5.7,230,1331,3.0,250,1233,1.2,1076,270,19.9,82,1833,92.6,23.2,994.4,1005.3,1,1000.4,1754,1002.4,14.7,0.1,1100,1.1,7.1,,,,,,8.6,6.3,21.4,16.3,23.2,23.2,23.3,23.3,23.2,21.2,19.2,15.8,15.1,1.6,2.2,0.0,{비}0015-{비}{강도0}0300-{비}{강도0}0600-0620. {박무}0410-0540. {비}0730-0850. {박무}0755-0815. {안개비}1335-{안개비}{강도0}1500-1550.,
133,대전,2021-06-19,23.5,18.2,547,29.1,1437,,,,,,,6.0,200,1536,2.9,250,1551,1.2,1011,250,17.7,43,1406,72.8,20.2,993.7,1002.9,807,1000.0,1511,1001.6,14.6,11.7,1200,3.38,27.18,,,,,,3.3,2.4,27.3,15.6,25.7,24.4,23.8,23.3,22.7,21.1,19.3,15.9,15.1,4.8,6.9,,,
133,대전,2021-06-20,24.4,17.5,450,31.0,1429,,,,,,,9.2,270,1438,5.5,250,1224,1.7,1496,250,17.2,27,1639,67.6,19.7,994.0,1003.2,708,1000.5,1544,1002.0,14.6,12.5,1200,3.47,27.44,,,,,,4.1,1.1,28.8,13.8,26.7,25.5,24.8,24.3,23.3,21.1,19.4,16.0,15.2,5.3,7.6,,{박무}2355-{박무}{강도0}2400-,
133,대전,2021-06-21,24.8,19.5,553,30.7,1615,,,,,,,8.3,20,1449,4.2,20,1535,1.5,1309,20,16.4,34,1724,63.8,18.9,996.9,1007.4,2330,1002.8,43,1004.8,14.7,12.5,1100,3.36,26.49,,,,,,2.8,2.1,29.8,15.9,27.3,26.3,25.6,24.9,23.8,21.2,19.4,16.0,15.2,5.0,7.2,,-{박무}-{박무}{강도0}0300-{박무}{강도0}0600-0840.,
133,대전,2021-06-22,23.6,18.5,427,28.6,1548,,,,,,,6.6,230,1608,3.7,250,1614,1.1,958,180,16.7,42,1341,67.4,19.0,1000.8,1010.6,2326,1007.3,1,1008.8,14.7,5.4,1000,2.38,17.35,,,,,,6.6,5.9,26.5,14.4,26.1,25.7,25.4,25.1,24.1,21.4,19.5,16.1,15.2,3.4,4.9,,,
133,대전,2021-06-23,20.9,19.2,2259,25.1,939,1,1120,4.2,1036,6.33,6.7,7.2,110,947,3.7,160,954,1.7,1501,180,19.4,70,946,91.3,22.5,1002.9,1012.7,2252,1009.7,204,1011.0,14.7,2.6,900,1.84,8.04,,,,,,6.8,4.6,23.3,16.8,24.3,24.4,24.5,24.6,24.0,21.5,19.6,16.2,15.2,1.4,2.0,6.7,{박무}0240- {박무}{강도0}0300-{박무}{강도0}0600-0815. {소나기}1035-{소나기}{강도1}1200-{비}1215-{소나기}1455-{소나기}{강도0}1500-1655. {박무}1055-{박무}{강도1}1200-{박무}{강도0}1500-{박무}{강도0}1800-{박무}{강도0}2100-,
133,대전,2021-06-24,23.2,18.6,434,27.8,1554,,,,,,,4.2,250,2128,2.3,360,1809,1.1,950,20,19.1,56,1510,79.4,22.2,1003.6,1013.1,759,1009.7,1718,1011.7,14.6,6.5,1100,3.33,19.43,,,,,,7.1,5.0,25.6,16.7,25.3,24.4,24.1,23.9,23.3,21.6,19.7,16.3,15.3,3.5,5.0,,-{박무}-{박무}{강도0}0300-{박무}{강도0}0600-{박무}{강도0}0900-1010.,
133,대전,2021-06-25,24.4,18.7,517,30.5,1546,2,2334,4.4,2301,2.77,5.2,5.7,20,1856,3.2,360,1922,1.1,988,360,19.6,50,1254,77.3,22.8,1003.0,1012.6,1,1008.3,1640,1011.0,14.6,10.7,1200,3.51,25.74,,,,,,6.1,5.0,27.3,16.3,27.2,25.9,25.2,24.6,23.6,21.5,19.8,16.3,15.2,4.2,6.0,27.2,{박무}0125-{박무}{강도0}0300-{박무}{강도0}0600-0735. {소나기}2034-{소나기}{강도0}2100-2215. {박무}2115-{박무}{강도1}2400- {소나기}2255-{소나기}{강도1}2400-,
133,대전,2021-06-26,22.6,20.2,119,26.5,1600,3,26,10.1,24,10.58,22.0,4.8,20,1559,2.1,50,1559,0.8,729,20,20.4,64,1438,88.5,24.0,1002.7,1012.4,131,1009.1,1656,1010.8,14.6,5.9,1300,3.1,15.41,,,,,,7.8,4.9,24.7,19.2,26.0,25.3,25.1,24.9,24.3,21.6,19.8,16.4,15.3,2.8,4.0,0.0,-{소나기}-{시정(미만)}{1km}{소나기}0201-{시정(미만)}{0.5km}{소나기}0205-{시정(이상)}{0.5km}{소나기}0215-{시정(이상)}{1km}{소나기}0225-{비}0235-{비}{강도1}0300-{비}{강도0}0600-0835. -{박무}-{박무}{강도1}0300-{박무}{강도1}0600-{박무}{강도0}0900-1135. {비}0855-{비}{강도0}0900-0935. {비}0955-1055. {비}1120-1140.,
133,대전,2021-06-27,25.0,19.5,516,30.3,1525,0,1949,0.5,1944,0.93,0.5,5.3,110,2122,3.1,160,2142,1.3,1126,140,20.1,50,1247,76.0,23.5,999.4,1009.9,1,1004.8,1718,1007.3,14.6,8.4,1100,3.22,22.5,,,,,,5.3,3.4,26.6,17.3,26.9,25.9,25.4,25.0,24.1,21.7,19.9,16.5,15.3,4.0,5.8,0.5,{박무}0230-0305. {박무}0315-{박무}{강도1}0600-0745. {소나기}1944-2040.,
133,대전,2021-06-28,25.6,21.7,539,30.2,1403,0,,0.0,,1.0,0.0,6.2,160,1447,3.7,160,947,1.9,1624,180,20.1,54,1442,72.9,23.5,997.3,1006.8,659,1003.2,1648,1005.3,14.6,7.8,1200,3.23,21.43,,,,,,6.0,3.5,27.8,19.0,27.5,26.5,26.0,25.5,24.6,21.8,20.0,16.6,15.3,4.2,6.0,0.0,{소나기}1620-1720.,
133,대전,2021-06-29,23.5,20.7,549,29.4,1239,11,1400,22.3,1350,3.67,24.2,9.4,230,1357,5.0,250,1400,1.2,1040,180,20.9,58,1248,86.6,24.8,998.1,1007.9,2332,1004.8,1618,1006.0,14.6,7.3,1000,2.95,17.92,,,,,,5.4,3.5,24.2,18.2,26.2,26.1,26.0,25.7,24.9,22.0,20.1,16.6,15.3,2.8,4.0,24.2,{박무}0425-{박무}{강도0}0600-0615. {소나기}1345-{시정(미만)}{1km}{소나기}1401-{시정(이상)}{1km}{소나기}1410-{소나기}{강도2}1500-1540. ]{용오름}[(SW 25)/충남 논산시 양촌면 부근/KBS뉴스1620-1640. {비}1745-{비}{강도0}1800-1930. {박무}1905-1915. {박무}1925-{박무}{강도0}2100-{박무}{강도0}2400-,
133,대전,2021-06-30,24.8,21.1,534,30.1,1626,3,1940,4.3,1925,1.0,4.3,4.9,230,1842,3.1,200,1846,0.9,746,20,21.5,57,1439,83.8,25.6,999.1,1008.8,1035,1005.3,1802,1007.0,14.6,6.3,1300,3.02,19.34,,,,,,6.4,3.5,26.7,19.8,27.1,26.3,25.8,25.5,24.8,22.2,20.2,16.7,15.4,3.4,4.9,4.3,-{박무}-{박무}{강도1}0300-{박무}{강도0}0600-{박무}{강도0}0900-{박무}{강도0}1200-1205. {소나기}1925-2025. {박무}1950-{박무}{강도2}2100-{박무}{강도1}2400-,
133,대전,2021-07-01,26.7,21.3,539,32.0,1644,,,,,,,5.2,180,1516,3.2,160,1520,1.1,923,110,22.1,50,1606,77.9,26.6,998.8,1008.2,833,1004.6,1726,1006.7,14.6,12.2,1300,3.18,24.69,,,,,,3.9,1.3,28.8,19.4,28.2,27.1,26.5,26.0,25.1,22.3,20.3,16.8,15.4,4.6,6.5,,-{박무}-{박무}{강도1}0300-{박무}{강도2}0600-{박무}{강도0}0900-0935. {박무}2240-2350.,
133,대전,2021-07-02,27.0,23.0,516,31.5,1541,,,,,,,7.6,180,2338,4.2,160,1928,2.1,1783,160,19.4,49,1414,63.8,22.6,1000.9,1011.0,2312,1007.2,1,1008.9,14.6,8.8,1200,3.47,23.36,,,,,,4.0,1.6,28.4,19.5,28.6,27.6,27.0,26.5,25.6,22.5,20.4,16.8,15.4,4.9,6.9,,,
133,대전,2021-07-03,23.2,21.1,1933,26.2,1211,4,1900,10.2,1858,12.08,42.2,13.2,180,1346,7.1,180,848,4.2,3644,180,20.7,72,1051,87.3,24.5,998.2,1010.7,1,1001.2,2355,1006.2,14.6,,,,,,,,,,9.3,5.1,23.8,20.3,25.7,26.0,26.2,26.2,25.8,22.7,20.5,16.9,15.4,,,55.5,{비}1155-{비}{강도0}1200-{비}{강도0}1500-{비}{강도0}1800-{비}{강도0}2100-{비}{강도1}2400- {박무}2135-2245. {박무}2325-{박무}{강도0}2400-,
133,대전,2021-07-04,22.7,21.5,1,24.4,351,1,26,5.8,1,15.83,13.7,9.5,250,433,5.0,250,902,2.5,2188,250,21.7,90,1540,94.9,26.0,997.9,1011.0,2347,999.8,346,1005.9,14.6,1.5,900,2.01,10.78,,,,,,9.1,8.9,23.9,20.2,24.6,24.4,24.6,24.7,24.9,23.4,20.9,17.0,15.5,1.7,2.5,0.4,-{박무}-0255. -{비}-{비}{강도0}0300-0405. {안개비}0555-{안개비}{강도0}0600-{비}0610-{안개비}0830-{안개비}{강도0}0900-{안개비}{강도0}1200-{비}1210-{안개비}1240-{안개비}{강도0}1500-1740. {박무}0605-{박무}{강도0}0900-{박무}{강도1}1200-1255.,
133,대전,2021-07-05,22.5,20.6,530,25.4,1400,1,2156,3.5,2135,6.92,5.6,5.4,230,2037,3.4,200,2041,1.1,957,270,20.9,78,1223,90.8,24.7,1002.3,1011.8,948,1008.7,2036,1010.4,14.6,0.0,1100,1.39,9.83,,,,,,9.6,5.6,23.5,18.6,24.7,24.4,24.5,24.4,24.5,23.1,21.2,17.1,15.5,1.8,2.6,5.6,{햇무리}1105-1145. {비}1655-{비}{강도0}1800-{비}{강도0}2100-2350.,
133,대전,2021-07-06,23.6,21.3,22,26.2,1313,2,1704,6.6,1642,11.58,15.6,5.8,250,1530,3.2,250,1534,0.8,693,20,22.7,86,1326,95.1,27.6,999.7,1009.2,2317,1006.6,332,1007.7,14.6,0.0,900,1.07,8.22,,,,,,9.9,7.4,24.6,20.4,25.1,24.6,24.5,24.4,24.3,22.9,21.2,17.1,15.5,1.3,1.9,17.9,{비}0110-0155. {박무}0115-{박무}{강도0}0300-0510. {박무}0605-0615. {비}1250-{비}{강도0}1500-{비}{강도1}1800-{비}{강도0}2100-2310. {박무}1550-1605. {박무}1650-1755. {박무}1905-1945. {박무}2005-{박무}{강도0}2100-2235. {박무}2315-{박무}{강도0}2400- {비}2330-{비}{강도0}2400-,
133,대전,2021-07-07,26.0,23.5,20,28.5,1553,0,25,1.0,209,12.0,2.5,4.3,200,1654,2.6,250,1037,1.1,914,250,24.9,84,1602,94.5,31.6,999.3,1009.8,1034,1005.0,1651,1007.2,14.5,0.3,1300,1.19,9.16,,,,,,10.0,6.8,26.5,22.9,26.3,25.5,25.1,24.7,24.4,22.8,21.2,17.2,15.5,1.9,2.8,38.8,-{박무}-0155. {박무}0215-{박무}{강도0}0300-0315. -{비}-{비}{강도0}0300-0550. {박무}0325-0405. {박무}0505-{박무}{강도0}0600-0615. {비}0735-0750. {비}1120-{비}{강도0}1200-1245. {비}1355-1450. {비}1540-1710. {비}1730-{비}{강도0}1800-1830. {비}2230-2250. {비}2315-{비}{강도0}2400-,
133,대전,2021-07-08,26.4,22.7,435,30.7,1553,8,205,20.3,124,5.42,38.6,6.0,250,1812,3.2,250,1621,1.2,1042,250,23.4,66,1500,84.8,28.8,997.7,1006.7,728,1003.8,1747,1005.6,14.5,8.6,1000,2.88,21.2,,,,,,8.5,6.4,28.8,21.9,27.9,26.8,26.3,25.7,25.3,23.2,21.4,17.2,15.5,3.4,4.9,4.2,{박무}0015-0025. {박무}0045-{박무}{강도1}0300-0415. -{소나기}-{소나기}0145-{비}0250-{비}{강도2}0300-0520. {박무}0435-0445. {박무}0515-0525. {비}2355-{비}{강도0}2400-,
133,대전,2021-07-09,26.2,23.1,539,30.4,1603,0,50,1.8,40,6.0,4.2,5.8,250,1641,2.9,250,1543,1.1,918,250,22.8,65,1526,83.0,27.8,997.8,1007.5,2238,1004.1,1620,1005.7,14.5,7.5,1500,2.37,18.65,,,,,,6.4,5.3,27.7,22.3,28.1,27.5,27.0,26.5,25.6,23.2,21.7,17.7,15.6,3.6,5.1,0.0,{박무}0050-{박무}{강도0}0300-{박무}{강도0}0600-0825. -{비}-{비}{강도0}0300-0550. {비}1020-1030.,
133,대전,2021-07-10,27.0,24.2,509,31.1,1456,9,1547,10.0,1540,1.33,10.0,14.7,360,1549,5.2,70,1557,1.6,1409,250,24.0,65,1214,84.8,29.9,1000.2,1010.7,2223,1006.3,1647,1008.1,14.5,7.1,1100,2.94,20.49,,,,,,7.6,7.6,28.6,20.9,28.7,27.7,27.3,26.8,25.9,23.3,21.7,17.7,15.6,3.5,5.0,10.2,{박무}0155-0205. {비}0430-0450. {박무}0520-{박무}{강도0}0600-0820. {비}0650-0715. {소나기}1540-1615.,
133,대전,2021-07-11,27.2,23.4,546,31.1,1603,0,,0.2,,0.33,0.2,6.0,250,1205,3.7,250,1213,1.4,1191,250,24.5,68,1534,86.1,30.8,1002.5,1011.8,1102,1009.5,1710,1010.4,14.5,5.5,1300,2.8,17.45,,,,,,8.0,6.3,28.5,21.9,28.6,27.8,27.4,27.0,26.2,23.5,21.7,17.8,15.6,3.0,4.3,0.0,{소나기}0515-0535.,
